
P $Q_A$
3.8752937E-6 3.0573104E-9
3.8740677E-6 3.0617635E-9
3.8728413E-6 3.0519072E-9
3.871614E-6 3.0552871E-9
3.8703865E-6 3.0512153E-9
3.8691583E-6 3.0525602E-9
3.8679295E-6 3.0548715E-9
3.8667004E-6 3.0499645E-9
3.865471E-6 3.0483263E-9
3.864241E-6 3.0511351E-9
3.8630105E-6 3.0458536E-9
3.861779E-6 3.0500344E-9
3.8605476E-6 3.0382594E-9
3.8593157E-6 3.0434462E-9
3.8580833E-6 3.0471752E-9
3.85685E-6 3.0482668E-9
3.855617E-6 3.0555367E-9
3.8543826E-6 3.0519574E-9
3.8531484E-6 3.0376701E-9
3.8519133E-6 3.0518696E-9
3.850678E-6 3.0322256E-9
3.8494422E-6 3.0394194E-9
3.848206E-6 3.050211E-9
3.846969E-6 3.0374372E-9
3.8457315E-6 3.029412E-9
3.8444937E-6 3.0416754E-9
3.8432554E-6 3.0366971E-9
3.8420167E-6 3.036784E-9
3.8407775E-6 3.0327454E-9
3.839538E-6 3.0363136E-9
3.8382977E-6 3.0323626E-9
3.837057E-6 3.033678E-9
3.8358157E-6 3.0444254E-9
3.8345743E-6 3.0342033E-9
3.8333324E-6 3.039443E-9
3.8320895E-6 3.0362541E-9
3.8308467E-6 3.0254064E-9
3.8296034E-6 3.040326E-9
3.8283592E-6 3.0390586E-9
3.827115E-6 3.0371128E-9
3.8258704E-6 3.0383402E-9
3.824625E-6 3.0436444E-9
3.8233793E-6 3.0344272E-9
3.822133E-6 3.0303247E-9
3.8208864E-6 3.024365E-9
3.8196395E-6 3.0336964E-9
3.8183916E-6 3.030374E-9
3.817144E-6 3.0123066E-9
3.815895E-6 3.0268725E-9
3.8146463E-6 3.0188123E-9
3.813397E-6 3.0115574E-9
3.8121473E-6 3.0233234E-9
3.810897E-6 3.0192069E-9
3.8096462E-6 3.0168283E-9
3.8083951E-6 3.0145675E-9
3.8071435E-6 3.0237886E-9
3.8058915E-6 3.0284895E-9
3.804639E-6 3.0136496E-9
3.803386E-6 3.0169656E-9
3.8021326E-6 3.023127E-9
3.8008789E-6 3.014723E-9
3.7996247E-6 3.0162706E-9
3.79837E-6 3.0119047E-9
3.797115E-6 3.0182992E-9
3.7958594E-6 3.0111735E-9
3.7946033E-6 3.0217706E-9
3.7933469E-6 3.0155953E-9
3.7920902E-6 3.0240888E-9
3.7908328E-6 3.0092875E-9
3.7895752E-6 3.0177192E-9
3.7883171E-6 3.0121194E-9
3.7870586E-6 3.0153258E-9
3.7857997E-6 3.0110232E-9
3.7845402E-6 2.9952365E-9
3.7832806E-6 3.007442E-9
3.7820203E-6 3.0039022E-9
3.7807597E-6 2.9965546E-9
3.7794987E-6 2.9998097E-9
3.7782372E-6 3.0076113E-9
3.7769753E-6 3.0129488E-9
3.775713E-6 3.0082552E-9
3.7744503E-6 3.00303E-9
3.7731872E-6 2.9949587E-9
3.7719237E-6 3.00831E-9
3.7706598E-6 3.0028062E-9
3.7693953E-6 3.0161407E-9
3.7681307E-6 3.0021257E-9
3.7668656E-6 3.0086618E-9
3.7656E-6 3.0088692E-9
3.764334E-6 3.009959E-9
3.7630678E-6 2.9918394E-9
3.761801E-6 3.012115E-9
3.760534E-6 3.0080132E-9
3.7592663E-6 3.005268E-9
3.7579985E-6 2.99447E-9
3.7567302E-6 2.9970373E-9
3.7554614E-6 3.0052634E-9
3.7541924E-6 2.9913902E-9
3.752923E-6 2.9934564E-9
3.7516531E-6 2.993799E-9
3.7503828E-6 2.991036E-9
3.7491122E-6 3.0062501E-9
3.7478412E-6 2.983892E-9
3.74657E-6 2.9905474E-9
3.745298E-6 3.0077756E-9
3.7440261E-6 2.9945983E-9
3.7427535E-6 2.9867055E-9
3.7414807E-6 2.9991887E-9
3.7402074E-6 2.9899394E-9
3.7389339E-6 2.990274E-9
3.7376599E-6 3.0009746E-9
3.7363855E-6 2.9910128E-9
3.7351108E-6 2.9823615E-9
3.7338357E-6 2.9900535E-9
3.7325601E-6 2.9964253E-9
3.7312843E-6 2.995268E-9
3.7300083E-6 2.9932783E-9
3.7287316E-6 2.9858742E-9
3.727455E-6 2.988391E-9
3.7261775E-6 2.985518E-9
3.7249E-6 2.9855318E-9
3.723622E-6 2.9894267E-9
3.7223438E-6 2.9914649E-9
3.7210652E-6 2.9772964E-9
3.7197863E-6 2.9853473E-9
3.7185068E-6 2.9705045E-9
3.7172272E-6 2.9912868E-9
3.7159473E-6 2.9957388E-9
3.714667E-6 2.9875962E-9
3.7133861E-6 2.9796214E-9
3.7121051E-6 2.9867324E-9
3.7108239E-6 2.9886422E-9
3.7095422E-6 3.001075E-9
3.70826E-6 2.9883238E-9
3.7069779E-6 2.9863996E-9
3.705695E-6 2.9948404E-9
3.7044122E-6 2.9772869E-9
3.7031289E-6 2.980891E-9
3.7018451E-6 2.979393E-9
3.7005611E-6 2.973732E-9
3.699277E-6 2.9751588E-9
3.6979923E-6 2.9670515E-9
3.6967074E-6 2.9804383E-9
3.6954223E-6 2.9679421E-9
3.6941367E-6 2.972382E-9
3.692851E-6 2.9685854E-9
3.6915646E-6 2.9820055E-9
3.6902782E-6 2.9831155E-9
3.6889915E-6 2.973203E-9
3.6877045E-6 2.9767164E-9
3.6864171E-6 2.9727014E-9
3.6851295E-6 2.9605027E-9
3.6838414E-6 2.9622693E-9
3.6825531E-6 2.9683944E-9
3.6812646E-6 2.9693028E-9
3.6799759E-6 2.955555E-9
3.6786867E-6 2.9577292E-9
3.6773974E-6 2.9670253E-9
3.6761078E-6 2.9630183E-9
3.6748177E-6 2.9597023E-9
3.6735275E-6 2.958889E-9
3.672237E-6 2.951828E-9
3.6709462E-6 2.9501652E-9
3.6696551E-6 2.969518E-9
3.6683637E-6 2.9526956E-9
3.667072E-6 2.9479545E-9
3.6657802E-6 2.9582656E-9
3.664488E-6 2.955112E-9
3.6631957E-6 2.9663618E-9
3.6619028E-6 2.9470673E-9
3.66061E-6 2.9448761E-9
3.6593167E-6 2.9512204E-9
3.6580232E-6 2.9457583E-9
3.6567296E-6 2.9569254E-9
3.6554356E-6 2.954468E-9
3.6541414E-6 2.9442027E-9
3.6528468E-6 2.9567881E-9
3.651552E-6 2.948448E-9
3.6502572E-6 2.9532492E-9
3.648962E-6 2.9551577E-9
3.6476665E-6 2.9420855E-9
3.646371E-6 2.939352E-9
3.645075E-6 2.9528784E-9
3.6437789E-6 2.9473153E-9
3.6424824E-6 2.9329505E-9
3.6411857E-6 2.9462692E-9
3.639889E-6 2.9427338E-9
3.6385918E-6 2.9266385E-9
3.6372946E-6 2.9487175E-9
3.635997E-6 2.9316394E-9
3.6346994E-6 2.9319238E-9
3.6334013E-6 2.9338867E-9
3.6321032E-6 2.9290999E-9
3.630805E-6 2.9298617E-9
3.6295062E-6 2.9271312E-9
3.6282074E-6 2.9339187E-9
3.6269084E-6 2.9271674E-9
3.6256092E-6 2.9284422E-9
3.6243098E-6 2.9336218E-9
3.6230103E-6 2.9262934E-9
3.6217104E-6 2.922792E-9
3.6204106E-6 2.9234315E-9
3.6191102E-6 2.9138127E-9
3.6178099E-6 2.9295155E-9
3.6165093E-6 2.9175302E-9
3.6152085E-6 2.9168792E-9
3.6139077E-6 2.9128622E-9
3.6126066E-6 2.9167264E-9
3.6113051E-6 2.9079357E-9
3.6100037E-6 2.9028366E-9
3.6087022E-6 2.904965E-9
3.6074002E-6 2.9081015E-9
3.6060983E-6 2.894245E-9
3.6047961E-6 2.8970724E-9
3.603494E-6 2.9036187E-9
3.6021913E-6 2.8972413E-9
3.6008887E-6 2.8963416E-9
3.5995859E-6 2.8998126E-9
3.598283E-6 2.8916645E-9
3.59698E-6 2.8858773E-9
3.5956766E-6 2.8733587E-9
3.5943733E-6 2.8759932E-9
3.5930698E-6 2.8853064E-9
3.591766E-6 2.8734888E-9
3.5904623E-6 2.8695621E-9
3.5891583E-6 2.869754E-9
3.587854E-6 2.8665177E-9
3.5865498E-6 2.847067E-9
3.5852456E-6 2.8350315E-9
3.583941E-6 2.8522216E-9
3.5826365E-6 2.8439429E-9
3.5813316E-6 2.8256497E-9
3.580027E-6 2.8249114E-9
3.5787218E-6 2.799752E-9
3.5774167E-6 2.7693368E-9
3.5761116E-6 2.62876E-9
3.5748062E-6 2.29963E-9
3.5735009E-6 2.3730622E-9
3.5721953E-6 2.467997E-9
3.5708897E-6 2.5612217E-9
3.569584E-6 2.656715E-9
3.568278E-6 2.745514E-9
3.5669723E-6 2.8351002E-9
3.5656662E-6 2.9323428E-9
3.5643602E-6 3.0295042E-9
3.563054E-6 3.1227678E-9
3.5617477E-6 3.21516E-9
3.5604412E-6 3.313526E-9
3.559135E-6 3.4117282E-9